{
  "state": {
    "dataset_info": {
      "name": "Tanks and Temples",
      "color_space": "srgb",
      "scene": "museum",
      "expected_scene_scale": 4.39346170425415,
      "type": "object-centric",
      "evaluation_protocol": "default",
      "id": "tanksandtemples",
      "downscale_factor": 2,
      "description": "Tanks and Temples is a benchmark for image-based 3D reconstruction. The benchmark sequences were acquired outside the lab, in realistic conditions. Ground-truth data was captured using an industrial laser scanner. The benchmark includes both outdoor scenes and indoor environments. The dataset is split into three subsets: training, intermediate, and advanced.",
      "paper_title": "Tanks and Temples: Benchmarking Large-Scale Scene Reconstruction",
      "paper_authors": [
        "Arno Knapitsch",
        "Jaesik Park",
        "Qian-Yi Zhou",
        "Vladlen Koltun"
      ],
      "paper_link": "https://storage.googleapis.com/t2-downloads/paper/tanks-and-temples.pdf",
      "link": "https://www.tanksandtemples.org/",
      "metrics": [
        {
          "id": "psnr",
          "name": "PSNR",
          "description": "Peak Signal to Noise Ratio. The higher the better.",
          "ascending": true,
          "link": "https://en.wikipedia.org/wiki/Peak_signal-to-noise_ratio"
        },
        {
          "id": "ssim",
          "name": "SSIM",
          "description": "Structural Similarity Index. The higher the better. The implementation matches JAX's SSIM and torchmetrics's SSIM (with default parameters).",
          "ascending": true,
          "link": "https://en.wikipedia.org/wiki/Structural_similarity"
        },
        {
          "id": "lpips",
          "name": "LPIPS",
          "description": "Learned Perceptual Image Patch Similarity. The lower the better. The implementation uses AlexNet backbone and matches lpips pip package with checkpoint version 0.1",
          "ascending": false,
          "link": "https://richzhang.github.io/PerceptualSimilarity/"
        }
      ],
      "default_metric": "psnr",
      "scenes": [
        {
          "id": "auditorium",
          "name": "auditorium"
        },
        {
          "id": "ballroom",
          "name": "ballroom"
        },
        {
          "id": "courtroom",
          "name": "courtroom"
        },
        {
          "id": "museum",
          "name": "museum"
        },
        {
          "id": "palace",
          "name": "palace"
        },
        {
          "id": "temple",
          "name": "temple"
        },
        {
          "id": "family",
          "name": "family"
        },
        {
          "id": "francis",
          "name": "francis"
        },
        {
          "id": "horse",
          "name": "horse"
        },
        {
          "id": "lighthouse",
          "name": "lighthouse"
        },
        {
          "id": "m60",
          "name": "m60"
        },
        {
          "id": "panther",
          "name": "panther"
        },
        {
          "id": "playground",
          "name": "playground"
        },
        {
          "id": "train",
          "name": "train"
        },
        {
          "id": "barn",
          "name": "barn"
        },
        {
          "id": "caterpillar",
          "name": "caterpillar"
        },
        {
          "id": "church",
          "name": "church"
        },
        {
          "id": "courthouse",
          "name": "courthouse"
        },
        {
          "id": "ignatius",
          "name": "ignatius"
        },
        {
          "id": "meetingroom",
          "name": "meetingroom"
        },
        {
          "id": "truck",
          "name": "truck"
        }
      ]
    },
    "render_resolution": 768,
    "prerender_enabled": false,
    "method_info": {
      "method_id": "gaussian-opacity-fields",
      "hparams": {},
      "supported_camera_models": [
        "pinhole"
      ],
      "supported_outputs": [
        "accumulation",
        "color",
        "depth",
        "distortion_map",
        "normal"
      ],
      "name": "Gaussian Opacity Fields",
      "description": "Improved Mip-Splatting with better geometry.",
      "paper_title": "Gaussian Opacity Fields: Efficient and Compact Surface Reconstruction in Unbounded Scenes",
      "paper_authors": [
        "Zehao Yu",
        "Torsten Sattler",
        "Andreas Geiger"
      ],
      "paper_link": "https://arxiv.org/pdf/2404.10772.pdf",
      "link": "https://niujinshuchong.github.io/gaussian-opacity-fields/",
      "licenses": [
        {
          "name": "custom, research only",
          "url": "https://raw.githubusercontent.com/autonomousvision/gaussian-opacity-fields/main/LICENSE.md"
        }
      ],
      "nb_version": "0.0.16.dev56+g8ee0779.d20240531",
      "num_iterations": 30000,
      "total_train_time": 3032.66719,
      "resources_utilization": {
        "memory": 6830,
        "gpu_memory": 35742
      },
      "datetime": "2024-06-02T14:14:07+0200",
      "config_overrides": {},
      "dataset_metadata": {
        "name": "tanksandtemples",
        "color_space": "srgb",
        "viewer_transform": [
          [
            0.225150004029274,
            0.011149999685585499,
            -0.014030000194907188,
            0.0011899999808520079
          ],
          [
            0.011149999685585499,
            0.05127999931573868,
            0.21967999637126923,
            -0.006049999967217445
          ],
          [
            0.014030000194907188,
            -0.21967999637126923,
            0.05056999996304512,
            0.012109999544918537
          ],
          [
            0.0,
            0.0,
            0.0,
            1.0
          ]
        ],
        "viewer_initial_pose": [
          [
            0.9925000071525574,
            0.054179999977350235,
            -0.10955999791622162,
            0.01744999922811985
          ],
          [
            0.10445000231266022,
            0.08953999727964401,
            0.9904900193214417,
            -1.0120899677276611
          ],
          [
            0.06346999853849411,
            -0.9945099949836731,
            0.08320999890565872,
            0.3958199918270111
          ]
        ],
        "scene": "museum",
        "expected_scene_scale": 4.442598342895508,
        "type": null,
        "evaluation_protocol": "default"
      },
      "evaluation_protocol": "default",
      "color_space": "srgb",
      "expected_scene_scale": 4.442598342895508,
      "dataset_background_color": null,
      "checkpoint_sha256": "b2557e05fdbf2553eb8011017b39e96ba4d0676925b824e23395329466708f9d"
    },
    "outputs_configuration": {
      "color": {},
      "normal": {},
      "depth": {
        "palette_enabled": true
      },
      "accumulation": {
        "palette_enabled": true,
        "range_min": 0,
        "range_max": 1
      },
      "distortion_map": {
        "palette_enabled": true
      }
    }
  },
  "viewer_transform": [
    0.022525901715368026,
    0.05939941603566571,
    0.16972038047897897,
    -0.01156742546912003,
    -0.17920380296962665,
    0.02150242976799697,
    0.016259068504000367,
    -0.0009375759022232678,
    -0.014808632562257855,
    -0.16985308842359667,
    0.06141131427467674,
    -0.09913502024944384
  ],
  "viewer_initial_pose": [
    0.1784299133302128,
    0.19405393726792558,
    0.9646272927971901,
    -0.8420202979061666,
    -0.9812023317759225,
    0.10833941411534265,
    0.15970122854843702,
    -0.11483153766253898,
    -0.07351650504227598,
    -0.9749900921539222,
    0.20973717045041426,
    0.11035574492864966
  ],
  "method_id": "gaussian-opacity-fields",
  "renderer": {
    "type": "mesh",
    "mesh_url": "https://huggingface.co/datasets/nerfbaselines/nerfbaselines-supplementary/resolve/main/gaussian-opacity-fields/tanksandtemples/museum_mesh/mesh.ply"
  },
  "dataset": {
    "url": "https://huggingface.co/datasets/nerfbaselines/nerfbaselines-data/resolve/main/tanksandtemples/museum-nbv.json"
  }
}