{
  "state": {
    "dataset_info": {
      "name": "Tanks and Temples",
      "color_space": "srgb",
      "scene": "barn",
      "expected_scene_scale": 4.453750562667847,
      "type": "object-centric",
      "evaluation_protocol": "default",
      "id": "tanksandtemples",
      "downscale_factor": 2,
      "description": "Tanks and Temples is a benchmark for image-based 3D reconstruction. The benchmark sequences were acquired outside the lab, in realistic conditions. Ground-truth data was captured using an industrial laser scanner. The benchmark includes both outdoor scenes and indoor environments. The dataset is split into three subsets: training, intermediate, and advanced.",
      "paper_title": "Tanks and Temples: Benchmarking Large-Scale Scene Reconstruction",
      "paper_authors": [
        "Arno Knapitsch",
        "Jaesik Park",
        "Qian-Yi Zhou",
        "Vladlen Koltun"
      ],
      "paper_link": "https://storage.googleapis.com/t2-downloads/paper/tanks-and-temples.pdf",
      "link": "https://www.tanksandtemples.org/",
      "metrics": [
        {
          "id": "psnr",
          "name": "PSNR",
          "description": "Peak Signal to Noise Ratio. The higher the better.",
          "ascending": true,
          "link": "https://en.wikipedia.org/wiki/Peak_signal-to-noise_ratio"
        },
        {
          "id": "ssim",
          "name": "SSIM",
          "description": "Structural Similarity Index. The higher the better. The implementation matches JAX's SSIM and torchmetrics's SSIM (with default parameters).",
          "ascending": true,
          "link": "https://en.wikipedia.org/wiki/Structural_similarity"
        },
        {
          "id": "lpips",
          "name": "LPIPS",
          "description": "Learned Perceptual Image Patch Similarity. The lower the better. The implementation uses AlexNet backbone and matches lpips pip package with checkpoint version 0.1",
          "ascending": false,
          "link": "https://richzhang.github.io/PerceptualSimilarity/"
        }
      ],
      "default_metric": "psnr",
      "scenes": [
        {
          "id": "auditorium",
          "name": "auditorium"
        },
        {
          "id": "ballroom",
          "name": "ballroom"
        },
        {
          "id": "courtroom",
          "name": "courtroom"
        },
        {
          "id": "museum",
          "name": "museum"
        },
        {
          "id": "palace",
          "name": "palace"
        },
        {
          "id": "temple",
          "name": "temple"
        },
        {
          "id": "family",
          "name": "family"
        },
        {
          "id": "francis",
          "name": "francis"
        },
        {
          "id": "horse",
          "name": "horse"
        },
        {
          "id": "lighthouse",
          "name": "lighthouse"
        },
        {
          "id": "m60",
          "name": "m60"
        },
        {
          "id": "panther",
          "name": "panther"
        },
        {
          "id": "playground",
          "name": "playground"
        },
        {
          "id": "train",
          "name": "train"
        },
        {
          "id": "barn",
          "name": "barn"
        },
        {
          "id": "caterpillar",
          "name": "caterpillar"
        },
        {
          "id": "church",
          "name": "church"
        },
        {
          "id": "courthouse",
          "name": "courthouse"
        },
        {
          "id": "ignatius",
          "name": "ignatius"
        },
        {
          "id": "meetingroom",
          "name": "meetingroom"
        },
        {
          "id": "truck",
          "name": "truck"
        }
      ]
    },
    "render_resolution": 768,
    "prerender_enabled": false,
    "method_info": {
      "method_id": "gaussian-opacity-fields",
      "hparams": {},
      "supported_camera_models": [
        "pinhole"
      ],
      "supported_outputs": [
        "accumulation",
        "color",
        "depth",
        "distortion_map",
        "normal"
      ],
      "name": "Gaussian Opacity Fields",
      "description": "Improved Mip-Splatting with better geometry.",
      "paper_title": "Gaussian Opacity Fields: Efficient and Compact Surface Reconstruction in Unbounded Scenes",
      "paper_authors": [
        "Zehao Yu",
        "Torsten Sattler",
        "Andreas Geiger"
      ],
      "paper_link": "https://arxiv.org/pdf/2404.10772.pdf",
      "link": "https://niujinshuchong.github.io/gaussian-opacity-fields/",
      "licenses": [
        {
          "name": "custom, research only",
          "url": "https://raw.githubusercontent.com/autonomousvision/gaussian-opacity-fields/main/LICENSE.md"
        }
      ],
      "nb_version": "0.0.16.dev56+g8ee0779.d20240531",
      "num_iterations": 30000,
      "total_train_time": 2223.54152,
      "resources_utilization": {
        "memory": 4927,
        "gpu_memory": 16046
      },
      "datetime": "2024-06-04T17:37:03+0200",
      "config_overrides": {},
      "dataset_metadata": {
        "name": "tanksandtemples",
        "color_space": "srgb",
        "viewer_transform": [
          [
            0.21528999507427216,
            0.005859999917447567,
            -0.006120000034570694,
            0.012230000458657742
          ],
          [
            0.005859999917447567,
            0.009229999966919422,
            0.21517999470233917,
            -0.0006900000153109431
          ],
          [
            0.006120000034570694,
            -0.21517999470233917,
            0.009060000069439411,
            0.0013200000394135714
          ],
          [
            0.0,
            0.0,
            0.0,
            1.0
          ]
        ],
        "viewer_initial_pose": [
          [
            -0.4909299910068512,
            -0.023189999163150787,
            -0.8708900213241577,
            0.7048100233078003
          ],
          [
            0.870959997177124,
            -0.03652000054717064,
            -0.49000000953674316,
            0.16683000326156616
          ],
          [
            -0.02043999917805195,
            -0.9990599751472473,
            0.03813000023365021,
            -0.0017300000181421638
          ]
        ],
        "scene": "barn",
        "expected_scene_scale": 4.451097202301026,
        "type": null,
        "evaluation_protocol": "default"
      },
      "evaluation_protocol": "default",
      "color_space": "srgb",
      "expected_scene_scale": 4.451097202301026,
      "dataset_background_color": null,
      "checkpoint_sha256": "0160d2dfc17c5a537d8123f36252055b835709a3146dfa25ec873bf5e120f219"
    },
    "outputs_configuration": {
      "color": {},
      "normal": {},
      "depth": {
        "palette_enabled": true
      },
      "accumulation": {
        "palette_enabled": true,
        "range_min": 0,
        "range_max": 1
      },
      "distortion_map": {
        "palette_enabled": true
      }
    }
  },
  "viewer_transform": [
    0.1782617124003818,
    -0.0015721003481497789,
    -0.13498443904693758,
    0.10384077961851051,
    0.1348947011437438,
    0.010631058500067419,
    0.17801939473842338,
    -0.12949540848272695,
    0.005166020362167287,
    -0.22334953758203907,
    0.009423541916018019,
    0.010018558194969543
  ],
  "viewer_initial_pose": [
    -0.9058099555346052,
    -0.004215888400492692,
    -0.4236633364582301,
    0.6067628472029684,
    0.42339726079007634,
    -0.04580876581536198,
    -0.9047852337767561,
    0.42194637749952435,
    -0.015593020309166322,
    -0.9989413314317276,
    0.04327903186226496,
    0.003154097789530622
  ],
  "method_id": "gaussian-opacity-fields",
  "renderer": {
    "type": "mesh",
    "mesh_url": "https://huggingface.co/datasets/nerfbaselines/nerfbaselines-supplementary/resolve/main/gaussian-opacity-fields/tanksandtemples/barn_mesh/mesh.ply"
  },
  "dataset": {
    "url": "https://huggingface.co/datasets/nerfbaselines/nerfbaselines-data/resolve/main/tanksandtemples/barn-nbv.json"
  }
}