{
  "state": {
    "dataset_info": {
      "name": "Tanks and Temples",
      "color_space": "srgb",
      "scene": "truck",
      "expected_scene_scale": 4.9711024284362795,
      "type": "object-centric",
      "evaluation_protocol": "default",
      "id": "tanksandtemples",
      "downscale_factor": 2,
      "description": "Tanks and Temples is a benchmark for image-based 3D reconstruction. The benchmark sequences were acquired outside the lab, in realistic conditions. Ground-truth data was captured using an industrial laser scanner. The benchmark includes both outdoor scenes and indoor environments. The dataset is split into three subsets: training, intermediate, and advanced.",
      "paper_title": "Tanks and Temples: Benchmarking Large-Scale Scene Reconstruction",
      "paper_authors": [
        "Arno Knapitsch",
        "Jaesik Park",
        "Qian-Yi Zhou",
        "Vladlen Koltun"
      ],
      "paper_link": "https://storage.googleapis.com/t2-downloads/paper/tanks-and-temples.pdf",
      "link": "https://www.tanksandtemples.org/",
      "metrics": [
        {
          "id": "psnr",
          "name": "PSNR",
          "description": "Peak Signal to Noise Ratio. The higher the better.",
          "ascending": true,
          "link": "https://en.wikipedia.org/wiki/Peak_signal-to-noise_ratio"
        },
        {
          "id": "ssim",
          "name": "SSIM",
          "description": "Structural Similarity Index. The higher the better. The implementation matches JAX's SSIM and torchmetrics's SSIM (with default parameters).",
          "ascending": true,
          "link": "https://en.wikipedia.org/wiki/Structural_similarity"
        },
        {
          "id": "lpips",
          "name": "LPIPS",
          "description": "Learned Perceptual Image Patch Similarity. The lower the better. The implementation uses AlexNet backbone and matches lpips pip package with checkpoint version 0.1",
          "ascending": false,
          "link": "https://richzhang.github.io/PerceptualSimilarity/"
        }
      ],
      "default_metric": "psnr",
      "scenes": [
        {
          "id": "auditorium",
          "name": "auditorium"
        },
        {
          "id": "ballroom",
          "name": "ballroom"
        },
        {
          "id": "courtroom",
          "name": "courtroom"
        },
        {
          "id": "museum",
          "name": "museum"
        },
        {
          "id": "palace",
          "name": "palace"
        },
        {
          "id": "temple",
          "name": "temple"
        },
        {
          "id": "family",
          "name": "family"
        },
        {
          "id": "francis",
          "name": "francis"
        },
        {
          "id": "horse",
          "name": "horse"
        },
        {
          "id": "lighthouse",
          "name": "lighthouse"
        },
        {
          "id": "m60",
          "name": "m60"
        },
        {
          "id": "panther",
          "name": "panther"
        },
        {
          "id": "playground",
          "name": "playground"
        },
        {
          "id": "train",
          "name": "train"
        },
        {
          "id": "barn",
          "name": "barn"
        },
        {
          "id": "caterpillar",
          "name": "caterpillar"
        },
        {
          "id": "church",
          "name": "church"
        },
        {
          "id": "courthouse",
          "name": "courthouse"
        },
        {
          "id": "ignatius",
          "name": "ignatius"
        },
        {
          "id": "meetingroom",
          "name": "meetingroom"
        },
        {
          "id": "truck",
          "name": "truck"
        }
      ]
    },
    "render_resolution": 768,
    "prerender_enabled": false,
    "method_info": {
      "method_id": "gaussian-opacity-fields",
      "hparams": {},
      "supported_camera_models": [
        "pinhole"
      ],
      "supported_outputs": [
        "accumulation",
        "color",
        "depth",
        "distortion_map",
        "normal"
      ],
      "name": "Gaussian Opacity Fields",
      "description": "Improved Mip-Splatting with better geometry.",
      "paper_title": "Gaussian Opacity Fields: Efficient and Compact Surface Reconstruction in Unbounded Scenes",
      "paper_authors": [
        "Zehao Yu",
        "Torsten Sattler",
        "Andreas Geiger"
      ],
      "paper_link": "https://arxiv.org/pdf/2404.10772.pdf",
      "link": "https://niujinshuchong.github.io/gaussian-opacity-fields/",
      "licenses": [
        {
          "name": "custom, research only",
          "url": "https://raw.githubusercontent.com/autonomousvision/gaussian-opacity-fields/main/LICENSE.md"
        }
      ],
      "nb_version": "0.0.16.dev56+g8ee0779.d20240531",
      "num_iterations": 30000,
      "total_train_time": 2695.3091,
      "resources_utilization": {
        "memory": 6347,
        "gpu_memory": 35284
      },
      "datetime": "2024-06-04T17:45:11+0200",
      "config_overrides": {},
      "dataset_metadata": {
        "name": "tanksandtemples",
        "color_space": "srgb",
        "viewer_transform": [
          [
            0.17994999885559082,
            0.0213600005954504,
            -0.0185100007802248,
            -0.013290000148117542
          ],
          [
            0.0213600005954504,
            -0.024660000577569008,
            0.17921000719070435,
            -0.030309999361634254
          ],
          [
            0.0185100007802248,
            -0.17921000719070435,
            -0.02686000056564808,
            0.0009699999936856329
          ],
          [
            0.0,
            0.0,
            0.0,
            1.0
          ]
        ],
        "viewer_initial_pose": [
          [
            0.7083100080490112,
            0.09599000215530396,
            -0.6993399858474731,
            0.6561599969863892
          ],
          [
            0.7056499719619751,
            -0.06967999786138535,
            0.7051299810409546,
            -0.38405999541282654
          ],
          [
            0.018959999084472656,
            -0.9929400086402893,
            -0.11709000170230865,
            0.004339999984949827
          ]
        ],
        "scene": "truck",
        "expected_scene_scale": 4.999266147613525,
        "type": null,
        "evaluation_protocol": "default"
      },
      "evaluation_protocol": "default",
      "color_space": "srgb",
      "expected_scene_scale": 4.999266147613525,
      "dataset_background_color": null,
      "checkpoint_sha256": "aaf71db01670095cd1e066ebe7edb503aa457b24a07608e4b7e56fb73f8308da"
    }
  },
  "viewer_transform": [
    0.1454077104537557,
    0.026119456203799598,
    -0.12320364544828087,
    -0.02015829708594205,
    0.12564856958173082,
    -0.01724979689639089,
    0.14463626037756344,
    -0.09879495924347917,
    0.008590815998929944,
    -0.1898024826670958,
    -0.030099492263002056,
    0.1503578020779073
  ],
  "viewer_initial_pose": [
    0.1960246294527081,
    0.08639115208768383,
    -0.976786013648807,
    0.796161899663975,
    0.9802130370079851,
    -0.04520662240722972,
    0.19271408550953328,
    -0.032288999098732445,
    -0.02750839369458845,
    -0.9952351092124003,
    -0.093543347011357,
    0.11925081357745762
  ],
  "method_id": "gaussian-opacity-fields",
  "renderer": {
    "type": "mesh",
    "mesh_url": "https://huggingface.co/datasets/nerfbaselines/nerfbaselines-supplementary/resolve/main/gaussian-opacity-fields/tanksandtemples/truck_mesh/mesh.ply"
  },
  "dataset": {
    "url": "https://huggingface.co/datasets/nerfbaselines/nerfbaselines-data/resolve/main/tanksandtemples/truck-nbv.json"
  }
}